%  columns="iteration, evaluation, sigma, max axis length, min axis length, all principal axes lengths (sorted square roots of eigenvalues of C)" (startseed=215042, 2017/01/3 17:54:58.43)
1 7 6.369734e-01 9.473451e-01 4.462186e-01 4.462186e-01 9.473451e-01 
2 13 5.351404e-01 8.578394e-01 4.204164e-01 4.204164e-01 8.578394e-01 
3 19 4.507324e-01 7.762482e-01 3.912553e-01 3.912553e-01 7.762482e-01 
4 25 3.863630e-01 7.405086e-01 3.499205e-01 3.499205e-01 7.405086e-01 
5 31 3.934141e-01 7.752414e-01 3.125066e-01 3.125066e-01 7.752414e-01 
6 37 3.844171e-01 7.050296e-01 3.086244e-01 3.086244e-01 7.050296e-01 
7 43 3.455166e-01 6.392386e-01 2.913127e-01 2.913127e-01 6.392386e-01 
8 49 3.881526e-01 5.822815e-01 3.301223e-01 3.301223e-01 5.822815e-01 
9 55 5.136292e-01 5.337615e-01 4.035835e-01 4.035835e-01 5.337615e-01 
10 61 6.095125e-01 6.138281e-01 3.620183e-01 3.620183e-01 6.138281e-01 
11 67 6.047407e-01 5.658611e-01 3.406601e-01 3.406601e-01 5.658611e-01 
12 73 6.061532e-01 5.223478e-01 3.341764e-01 3.341764e-01 5.223478e-01 
13 79 8.316607e-01 5.897683e-01 3.407777e-01 3.407777e-01 5.897683e-01 
14 85 7.263420e-01 5.319364e-01 3.048691e-01 3.048691e-01 5.319364e-01 
15 91 6.068677e-01 4.833906e-01 2.763426e-01 2.763426e-01 4.833906e-01 
16 97 6.578722e-01 4.989077e-01 2.609304e-01 2.609304e-01 4.989077e-01 
17 103 5.250343e-01 4.623924e-01 2.332531e-01 2.332531e-01 4.623924e-01 
18 109 5.180807e-01 4.373204e-01 2.277560e-01 2.277560e-01 4.373204e-01 
19 115 5.277313e-01 4.454259e-01 2.047355e-01 2.047355e-01 4.454259e-01 
20 121 4.743601e-01 4.199508e-01 1.818658e-01 1.818658e-01 4.199508e-01 
21 127 3.578488e-01 3.750174e-01 1.615250e-01 1.615250e-01 3.750174e-01 
22 133 2.638539e-01 3.346263e-01 1.440929e-01 1.440929e-01 3.346263e-01 
23 139 1.902423e-01 3.006337e-01 1.280633e-01 1.280633e-01 3.006337e-01 
24 145 1.703451e-01 2.783024e-01 1.213882e-01 1.213882e-01 2.783024e-01 
25 151 1.454544e-01 2.557417e-01 1.090693e-01 1.090693e-01 2.557417e-01 
26 157 1.718031e-01 2.968697e-01 9.914127e-02 9.914127e-02 2.968697e-01 
27 163 2.004095e-01 3.190462e-01 9.003429e-02 9.003429e-02 3.190462e-01 
28 169 1.495202e-01 2.972091e-01 8.031251e-02 8.031251e-02 2.972091e-01 
29 175 1.485744e-01 3.018567e-01 7.228322e-02 7.228322e-02 3.018567e-01 
30 181 1.336841e-01 2.826518e-01 6.542078e-02 6.542078e-02 2.826518e-01 
31 187 1.112544e-01 2.586699e-01 5.827256e-02 5.827256e-02 2.586699e-01 
32 193 1.300650e-01 2.923152e-01 5.338483e-02 5.338483e-02 2.923152e-01 
33 199 1.127004e-01 2.613339e-01 4.940383e-02 4.940383e-02 2.613339e-01 
34 205 8.669233e-02 2.330679e-01 4.390293e-02 4.390293e-02 2.330679e-01 
35 211 8.169775e-02 2.102452e-01 4.413526e-02 4.413526e-02 2.102452e-01 
36 217 7.970335e-02 2.184098e-01 3.958309e-02 3.958309e-02 2.184098e-01 
37 223 8.091302e-02 2.248553e-01 3.524614e-02 3.524614e-02 2.248553e-01 
38 229 6.125330e-02 2.010257e-01 3.141850e-02 3.141850e-02 2.010257e-01 
39 235 6.729210e-02 2.299024e-01 2.877533e-02 2.877533e-02 2.299024e-01 
40 241 5.632354e-02 2.094126e-01 2.573563e-02 2.573563e-02 2.094126e-01 
41 247 4.927002e-02 1.873104e-01 2.418908e-02 2.418908e-02 1.873104e-01 
42 253 3.911707e-02 1.678710e-01 2.209069e-02 2.209069e-02 1.678710e-01 
43 259 3.505901e-02 1.504250e-01 2.160201e-02 2.160201e-02 1.504250e-01 
44 265 2.540514e-02 1.346756e-01 1.942028e-02 1.942028e-02 1.346756e-01 
45 271 1.918589e-02 1.206275e-01 1.736277e-02 1.736277e-02 1.206275e-01 
46 277 1.587623e-02 1.143903e-01 1.592515e-02 1.592515e-02 1.143903e-01 
47 283 1.287275e-02 1.032578e-01 1.457883e-02 1.457883e-02 1.032578e-01 
48 289 1.159535e-02 9.900098e-02 1.329499e-02 1.329499e-02 9.900098e-02 
49 295 1.097076e-02 9.362337e-02 1.233395e-02 1.233395e-02 9.362337e-02 
50 301 1.026334e-02 9.131596e-02 1.116506e-02 1.116506e-02 9.131596e-02 
51 307 1.087644e-02 1.003228e-01 9.988056e-03 9.988056e-03 1.003228e-01 
52 313 1.149226e-02 1.033174e-01 9.011728e-03 9.011728e-03 1.033174e-01 
53 319 1.016857e-02 9.423717e-02 8.202636e-03 8.202636e-03 9.423717e-02 
54 325 8.037968e-03 8.598020e-02 7.501409e-03 7.501409e-03 8.598020e-02 
55 331 9.516095e-03 8.647809e-02 8.228520e-03 8.228520e-03 8.647809e-02 
56 337 8.265018e-03 7.947212e-02 7.342502e-03 7.342502e-03 7.947212e-02 
57 343 7.490705e-03 7.202478e-02 7.198213e-03 7.198213e-03 7.202478e-02 
58 349 6.482482e-03 6.868879e-02 6.408650e-03 6.408650e-03 6.868879e-02 
59 355 5.869331e-03 6.568498e-02 5.757849e-03 5.757849e-03 6.568498e-02 
60 361 5.427813e-03 6.292423e-02 5.213963e-03 5.213963e-03 6.292423e-02 
61 367 5.313831e-03 6.660848e-02 4.678876e-03 4.678876e-03 6.660848e-02 
62 373 5.913053e-03 5.935285e-02 5.255710e-03 5.255710e-03 5.935285e-02 
63 379 6.945574e-03 6.433421e-02 5.116121e-03 5.116121e-03 6.433421e-02 
64 385 6.587071e-03 6.107417e-02 4.577517e-03 4.577517e-03 6.107417e-02 
65 391 4.848413e-03 5.569968e-02 4.100052e-03 4.100052e-03 5.569968e-02 
66 397 4.562364e-03 4.970721e-02 4.123496e-03 4.123496e-03 4.970721e-02 
67 403 4.144078e-03 4.907100e-02 3.675389e-03 3.675389e-03 4.907100e-02 
68 409 4.326028e-03 4.596994e-02 4.053430e-03 4.053430e-03 4.596994e-02 
69 415 3.052815e-03 4.137997e-02 3.658940e-03 3.658940e-03 4.137997e-02 
70 421 2.728468e-03 4.071935e-02 3.328856e-03 3.328856e-03 4.071935e-02 
71 427 3.097771e-03 3.639173e-02 3.865231e-03 3.865231e-03 3.639173e-02 
72 433 2.858320e-03 3.256945e-02 3.620131e-03 3.620131e-03 3.256945e-02 
73 439 2.061407e-03 2.898862e-02 3.243933e-03 3.243933e-03 2.898862e-02 
74 445 1.707978e-03 2.603548e-02 3.020637e-03 3.020637e-03 2.603548e-02 
75 451 1.475524e-03 2.515609e-02 2.746840e-03 2.746840e-03 2.515609e-02 
76 457 1.188615e-03 2.238715e-02 2.569029e-03 2.569029e-03 2.238715e-02 
77 463 1.530083e-03 2.687757e-02 2.451312e-03 2.451312e-03 2.687757e-02 
78 469 1.351180e-03 2.445464e-02 2.281812e-03 2.281812e-03 2.445464e-02 
79 475 1.351970e-03 2.497779e-02 2.049787e-03 2.049787e-03 2.497779e-02 
80 481 1.148260e-03 2.272852e-02 1.837762e-03 1.837762e-03 2.272852e-02 
81 487 8.670972e-04 2.031395e-02 1.647813e-03 1.647813e-03 2.031395e-02 
82 493 8.266863e-04 2.084006e-02 1.487426e-03 1.487426e-03 2.084006e-02 
83 499 1.028537e-03 1.894841e-02 1.933016e-03 1.933016e-03 1.894841e-02 
84 505 8.481657e-04 1.798184e-02 1.784864e-03 1.784864e-03 1.798184e-02 
85 511 7.353328e-04 1.679067e-02 1.622743e-03 1.622743e-03 1.679067e-02 
86 517 6.787383e-04 1.505700e-02 1.634170e-03 1.634170e-03 1.505700e-02 
87 523 5.488746e-04 1.337619e-02 1.491176e-03 1.491176e-03 1.337619e-02 
88 529 4.350972e-04 1.206240e-02 1.382687e-03 1.382687e-03 1.206240e-02 
89 535 4.878565e-04 1.392206e-02 1.247486e-03 1.247486e-03 1.392206e-02 
90 541 3.629887e-04 1.279165e-02 1.121066e-03 1.121066e-03 1.279165e-02 
91 547 3.441821e-04 1.263531e-02 1.040432e-03 1.040432e-03 1.263531e-02 
92 553 3.124194e-04 1.174104e-02 1.017578e-03 1.017578e-03 1.174104e-02 
93 559 2.805009e-04 1.179165e-02 9.173122e-04 9.173122e-04 1.179165e-02 
94 565 2.593914e-04 1.087175e-02 8.884983e-04 8.884983e-04 1.087175e-02 
95 571 2.673596e-04 9.941513e-03 9.096130e-04 9.096130e-04 9.941513e-03 
96 577 2.959618e-04 1.039512e-02 8.475521e-04 8.475521e-04 1.039512e-02 
97 583 2.283448e-04 9.491018e-03 7.556116e-04 7.556116e-04 9.491018e-03 
98 589 2.036147e-04 9.313140e-03 6.711966e-04 6.711966e-04 9.313140e-03 
99 595 1.698576e-04 8.541843e-03 5.994631e-04 5.994631e-04 8.541843e-03 
100 601 1.654093e-04 7.825803e-03 6.075342e-04 6.075342e-04 7.825803e-03 
101 607 1.721807e-04 8.735076e-03 5.497311e-04 5.497311e-04 8.735076e-03 
102 613 1.599846e-04 8.273789e-03 4.947493e-04 4.947493e-04 8.273789e-03 
103 619 1.620650e-04 8.380122e-03 4.427614e-04 4.427614e-04 8.380122e-03 
104 625 1.707100e-04 8.593959e-03 4.047818e-04 4.047818e-04 8.593959e-03 
105 631 1.593322e-04 8.206006e-03 3.608581e-04 3.608581e-04 8.206006e-03 
106 637 1.375838e-04 7.756097e-03 3.215106e-04 3.215106e-04 7.756097e-03 
107 643 1.563460e-04 8.492627e-03 3.058549e-04 3.058549e-04 8.492627e-03 
108 649 1.533113e-04 9.252279e-03 2.754518e-04 2.754518e-04 9.252279e-03 
109 655 1.087102e-04 8.610443e-03 2.446113e-04 2.446113e-04 8.610443e-03 
110 661 8.820450e-05 7.905465e-03 2.241246e-04 2.241246e-04 7.905465e-03 
111 667 7.316031e-05 7.347606e-03 2.029697e-04 2.029697e-04 7.347606e-03 
112 673 5.696201e-05 6.650115e-03 1.866772e-04 1.866772e-04 6.650115e-03 
113 679 5.395250e-05 6.132281e-03 1.887464e-04 1.887464e-04 6.132281e-03 
114 685 4.620554e-05 5.676144e-03 1.703366e-04 1.703366e-04 5.676144e-03 
115 691 4.633141e-05 5.358669e-03 1.694737e-04 1.694737e-04 5.358669e-03 
116 697 3.889401e-05 4.909486e-03 1.606157e-04 1.606157e-04 4.909486e-03 
117 703 3.541789e-05 4.372367e-03 1.653946e-04 1.653946e-04 4.372367e-03 
118 709 3.554717e-05 4.714280e-03 1.511367e-04 1.511367e-04 4.714280e-03 
119 715 3.414374e-05 4.302218e-03 1.552484e-04 1.552484e-04 4.302218e-03 
120 721 3.038048e-05 3.893426e-03 1.553081e-04 1.553081e-04 3.893426e-03 
121 727 2.351528e-05 3.528301e-03 1.426396e-04 1.426396e-04 3.528301e-03 
122 733 2.312509e-05 3.562969e-03 1.314025e-04 1.314025e-04 3.562969e-03 
123 739 2.241452e-05 3.695314e-03 1.205757e-04 1.205757e-04 3.695314e-03 
124 745 2.180232e-05 3.574486e-03 1.100516e-04 1.100516e-04 3.574486e-03 
125 751 1.624975e-05 3.195296e-03 9.943688e-05 9.943688e-05 3.195296e-03 
126 757 2.107065e-05 3.362239e-03 1.136012e-04 1.136012e-04 3.362239e-03 
127 763 1.718180e-05 3.154686e-03 1.011977e-04 1.011977e-04 3.154686e-03 
128 769 1.646615e-05 3.254510e-03 9.298307e-05 9.298307e-05 3.254510e-03 
129 775 1.732046e-05 3.365440e-03 8.592012e-05 8.592012e-05 3.365440e-03 
130 781 1.457456e-05 3.050623e-03 7.757227e-05 7.757227e-05 3.050623e-03 
131 787 1.350667e-05 3.314163e-03 6.959943e-05 6.959943e-05 3.314163e-03 
132 793 1.129122e-05 3.025788e-03 6.425872e-05 6.425872e-05 3.025788e-03 
133 799 1.352038e-05 2.784389e-03 7.521132e-05 7.521132e-05 2.784389e-03 
134 805 1.785779e-05 2.778507e-03 8.287474e-05 8.287474e-05 2.778507e-03 
135 811 2.723544e-05 2.818818e-03 8.563202e-05 8.563202e-05 2.818818e-03 
136 817 3.619116e-05 2.507145e-03 8.968407e-05 8.968407e-05 2.507145e-03 
137 823 3.610293e-05 2.249884e-03 8.326905e-05 8.326905e-05 2.249884e-03 
138 829 3.769763e-05 2.049077e-03 8.464539e-05 8.464539e-05 2.049077e-03 
139 835 4.630684e-05 2.300911e-03 8.259373e-05 8.259373e-05 2.300911e-03 
140 841 4.724127e-05 2.352623e-03 7.440033e-05 7.440033e-05 2.352623e-03 
141 847 4.471021e-05 2.188929e-03 6.908635e-05 6.908635e-05 2.188929e-03 
142 853 3.717649e-05 2.230426e-03 6.286273e-05 6.286273e-05 2.230426e-03 
143 859 4.248755e-05 2.656178e-03 5.653082e-05 5.653082e-05 2.656178e-03 
144 865 4.119085e-05 2.840823e-03 5.388894e-05 5.388894e-05 2.840823e-03 
145 871 3.085550e-05 2.539493e-03 4.879087e-05 4.879087e-05 2.539493e-03 
146 877 4.017684e-05 2.627480e-03 5.668684e-05 5.668684e-05 2.627480e-03 
147 883 4.166942e-05 2.650891e-03 5.079182e-05 5.079182e-05 2.650891e-03 
148 889 3.508831e-05 2.393845e-03 4.941744e-05 4.941744e-05 2.393845e-03 
149 895 3.606667e-05 2.304342e-03 4.935684e-05 4.935684e-05 2.304342e-03 
150 901 3.619386e-05 2.484996e-03 4.459428e-05 4.459428e-05 2.484996e-03 
151 907 3.541802e-05 2.401149e-03 4.318014e-05 4.318014e-05 2.401149e-03 
152 913 4.140457e-05 2.616651e-03 4.437794e-05 4.437794e-05 2.616651e-03 
153 919 3.569227e-05 2.393045e-03 4.394448e-05 4.394448e-05 2.393045e-03 
154 925 4.011778e-05 2.812517e-03 3.955599e-05 3.955599e-05 2.812517e-03 
155 931 4.050394e-05 3.228765e-03 3.558786e-05 3.558786e-05 3.228765e-03 
156 937 3.030735e-05 2.958421e-03 3.182546e-05 3.182546e-05 2.958421e-03 
157 943 2.901451e-05 2.860138e-03 2.960173e-05 2.960173e-05 2.860138e-03 
158 949 3.858483e-05 3.654511e-03 2.726808e-05 2.726808e-05 3.654511e-03 
159 955 3.940305e-05 3.535754e-03 2.818988e-05 2.818988e-05 3.535754e-03 
160 961 3.557297e-05 3.286675e-03 2.570981e-05 2.570981e-05 3.286675e-03 
161 967 3.113342e-05 2.991088e-03 2.509672e-05 2.509672e-05 2.991088e-03 
162 973 3.131479e-05 2.663845e-03 2.640984e-05 2.640984e-05 2.663845e-03 
163 979 3.798939e-05 3.262599e-03 2.427824e-05 2.427824e-05 3.262599e-03 
164 985 3.894566e-05 3.179491e-03 2.297324e-05 2.297324e-05 3.179491e-03 
165 991 3.498722e-05 2.863335e-03 2.265148e-05 2.265148e-05 2.863335e-03 
166 997 4.486464e-05 3.956541e-03 2.033714e-05 2.033714e-05 3.956541e-03 
167 1003 3.610423e-05 3.878589e-03 1.836377e-05 1.836377e-05 3.878589e-03 
168 1009 3.388227e-05 3.887765e-03 1.633377e-05 1.633377e-05 3.887765e-03 
169 1015 2.803156e-05 3.552948e-03 1.458211e-05 1.458211e-05 3.552948e-03 
170 1021 2.803092e-05 3.665724e-03 1.302097e-05 1.302097e-05 3.665724e-03 
171 1027 3.068449e-05 3.646206e-03 1.305362e-05 1.305362e-05 3.646206e-03 
172 1033 4.656999e-05 3.829058e-03 1.292340e-05 1.292340e-05 3.829058e-03 
173 1039 4.215374e-05 3.534252e-03 1.343495e-05 1.343495e-05 3.534252e-03 
174 1045 4.795588e-05 3.287960e-03 1.494490e-05 1.494490e-05 3.287960e-03 
175 1051 4.313204e-05 3.024050e-03 1.354081e-05 1.354081e-05 3.024050e-03 
176 1057 3.678582e-05 2.931833e-03 1.235849e-05 1.235849e-05 2.931833e-03 
177 1063 2.962649e-05 2.736773e-03 1.110159e-05 1.110159e-05 2.736773e-03 
178 1069 2.931239e-05 2.862059e-03 9.885933e-06 9.885933e-06 2.862059e-03 
179 1075 2.738461e-05 2.585902e-03 1.002422e-05 1.002422e-05 2.585902e-03 
180 1081 3.622975e-05 3.145680e-03 1.043490e-05 1.043490e-05 3.145680e-03 
181 1087 3.010491e-05 3.175616e-03 9.489698e-06 9.489698e-06 3.175616e-03 
182 1093 2.917839e-05 3.321883e-03 8.743892e-06 8.743892e-06 3.321883e-03 
183 1099 3.670452e-05 3.993650e-03 8.491015e-06 8.491015e-06 3.993650e-03 
184 1105 4.576751e-05 3.808881e-03 1.100406e-05 1.100406e-05 3.808881e-03 
185 1111 5.820396e-05 3.881596e-03 1.134376e-05 1.134376e-05 3.881596e-03 
186 1117 7.265634e-05 3.735909e-03 1.262445e-05 1.262445e-05 3.735909e-03 
187 1123 8.163134e-05 4.025860e-03 1.145010e-05 1.145010e-05 4.025860e-03 
188 1129 9.904722e-05 4.244554e-03 1.112929e-05 1.112929e-05 4.244554e-03 
189 1135 1.014442e-04 3.783130e-03 1.120909e-05 1.120909e-05 3.783130e-03 
190 1141 9.495476e-05 3.588206e-03 1.034077e-05 1.034077e-05 3.588206e-03 
191 1147 9.558422e-05 3.890928e-03 9.553303e-06 9.553303e-06 3.890928e-03 
192 1153 1.608257e-04 4.202551e-03 9.435597e-06 9.435597e-06 4.202551e-03 
193 1159 1.549976e-04 3.787989e-03 8.422722e-06 8.422722e-06 3.787989e-03 
194 1165 2.017590e-04 3.426886e-03 1.174088e-05 1.174088e-05 3.426886e-03 
195 1171 2.227195e-04 3.289249e-03 1.394542e-05 1.394542e-05 3.289249e-03 
196 1177 4.025246e-04 3.369139e-03 1.548539e-05 1.548539e-05 3.369139e-03 
197 1183 4.697097e-04 3.125934e-03 1.445944e-05 1.445944e-05 3.125934e-03 
198 1189 5.180441e-04 3.009788e-03 1.419421e-05 1.419421e-05 3.009788e-03 
199 1195 5.165469e-04 2.736972e-03 1.381353e-05 1.381353e-05 2.736972e-03 
200 1201 4.102369e-04 2.470749e-03 1.239194e-05 1.239194e-05 2.470749e-03 
201 1207 3.878248e-04 2.262475e-03 1.203224e-05 1.203224e-05 2.262475e-03 
202 1213 3.225237e-04 2.063172e-03 1.085620e-05 1.085620e-05 2.063172e-03 
203 1219 2.676295e-04 1.884520e-03 1.016081e-05 1.016081e-05 1.884520e-03 
204 1225 2.657167e-04 1.879800e-03 9.629916e-06 9.629916e-06 1.879800e-03 
205 1231 3.692774e-04 2.411290e-03 9.273940e-06 9.273940e-06 2.411290e-03 
206 1237 3.753809e-04 2.278697e-03 9.116043e-06 9.116043e-06 2.278697e-03 
207 1243 3.381890e-04 2.104002e-03 8.296711e-06 8.296711e-06 2.104002e-03 
208 1249 5.359432e-04 2.071703e-03 9.305777e-06 9.305777e-06 2.071703e-03 
209 1255 5.451624e-04 1.949433e-03 8.587362e-06 8.587362e-06 1.949433e-03 
210 1261 5.453173e-04 1.735244e-03 1.021331e-05 1.021331e-05 1.735244e-03 
211 1267 6.162238e-04 2.021579e-03 9.272211e-06 9.272211e-06 2.021579e-03 
212 1273 7.561203e-04 2.326484e-03 8.389489e-06 8.389489e-06 2.326484e-03 
213 1279 7.200813e-04 2.208471e-03 7.688599e-06 7.688599e-06 2.208471e-03 
214 1285 8.266408e-04 1.993369e-03 9.101515e-06 9.101515e-06 1.993369e-03 
215 1291 1.124381e-03 1.857114e-03 1.122022e-05 1.122022e-05 1.857114e-03 
216 1297 1.131691e-03 1.657807e-03 1.112283e-05 1.112283e-05 1.657807e-03 
217 1303 1.044273e-03 1.479814e-03 1.044244e-05 1.044244e-05 1.479814e-03 
218 1309 8.651685e-04 1.369224e-03 9.679526e-06 9.679526e-06 1.369224e-03 
219 1315 8.043107e-04 1.242418e-03 9.473388e-06 9.473388e-06 1.242418e-03 
220 1321 7.533564e-04 1.124101e-03 9.106137e-06 9.106137e-06 1.124101e-03 
221 1327 6.730082e-04 1.074122e-03 8.311044e-06 8.311044e-06 1.074122e-03 
222 1333 7.357133e-04 1.126777e-03 8.053526e-06 8.053526e-06 1.126777e-03 
223 1339 6.518057e-04 1.143883e-03 7.217877e-06 7.217877e-06 1.143883e-03 
224 1345 5.892941e-04 1.026053e-03 7.608752e-06 7.608752e-06 1.026053e-03 
225 1351 6.417363e-04 9.298505e-04 8.340518e-06 8.340518e-06 9.298505e-04 
226 1357 7.273121e-04 8.654283e-04 1.083817e-05 1.083817e-05 8.654283e-04 
227 1363 8.467402e-04 7.873500e-04 1.204402e-05 1.204402e-05 7.873500e-04 
228 1369 1.151015e-03 9.164062e-04 1.190813e-05 1.190813e-05 9.164062e-04 
229 1375 1.127398e-03 8.460798e-04 1.137997e-05 1.137997e-05 8.460798e-04 
230 1381 1.170568e-03 8.835335e-04 1.031728e-05 1.031728e-05 8.835335e-04 
231 1387 1.378111e-03 8.487075e-04 1.144277e-05 1.144277e-05 8.487075e-04 
232 1393 9.784824e-04 7.673635e-04 1.036952e-05 1.036952e-05 7.673635e-04 
233 1399 1.211741e-03 9.542934e-04 9.401858e-06 9.401858e-06 9.542934e-04 
234 1405 9.787878e-04 8.725382e-04 8.901111e-06 8.901111e-06 8.725382e-04 
235 1411 9.277984e-04 8.861528e-04 7.958721e-06 7.958721e-06 8.861528e-04 
236 1417 6.960840e-04 7.916495e-04 7.101991e-06 7.101991e-06 7.916495e-04 
237 1423 7.151562e-04 7.286393e-04 7.683267e-06 7.683267e-06 7.286393e-04 
238 1429 6.217960e-04 7.001574e-04 7.098992e-06 7.098992e-06 7.001574e-04 
239 1435 6.184334e-04 6.949437e-04 6.681456e-06 6.681456e-06 6.949437e-04 
240 1441 5.455995e-04 6.730965e-04 6.034386e-06 6.034386e-06 6.730965e-04 
241 1447 5.578093e-04 7.134233e-04 5.668971e-06 5.668971e-06 7.134233e-04 
242 1453 6.034270e-04 8.345035e-04 5.146300e-06 5.146300e-06 8.345035e-04 
243 1459 5.558832e-04 7.520572e-04 4.837710e-06 4.837710e-06 7.520572e-04 
244 1465 6.930993e-04 7.607535e-04 5.494267e-06 5.494267e-06 7.607535e-04 
245 1471 7.060331e-04 6.830511e-04 5.356082e-06 5.356082e-06 6.830511e-04 
246 1477 9.233385e-04 6.105707e-04 6.726206e-06 6.726206e-06 6.105707e-04 
247 1483 8.060891e-04 5.913190e-04 6.258722e-06 6.258722e-06 5.913190e-04 
248 1489 8.743170e-04 5.766156e-04 6.271065e-06 6.271065e-06 5.766156e-04 
249 1495 1.091332e-03 6.902249e-04 6.538771e-06 6.538771e-06 6.902249e-04 
250 1501 8.704837e-04 6.163920e-04 5.866133e-06 5.866133e-06 6.163920e-04 
251 1507 8.052338e-04 5.837801e-04 5.619482e-06 5.619482e-06 5.837801e-04 
252 1513 7.759759e-04 5.627332e-04 5.250128e-06 5.250128e-06 5.627332e-04 
253 1519 7.045572e-04 5.355246e-04 4.689415e-06 4.689415e-06 5.355246e-04 
254 1525 7.249244e-04 5.060393e-04 4.836736e-06 4.836736e-06 5.060393e-04 
255 1531 7.747021e-04 5.426645e-04 4.532216e-06 4.532216e-06 5.426645e-04 
256 1537 8.184988e-04 4.878519e-04 5.010666e-06 5.010666e-06 4.878519e-04 
257 1543 9.319149e-04 4.724463e-04 5.898053e-06 5.898053e-06 4.724463e-04 
258 1549 8.357850e-04 4.377406e-04 5.423556e-06 5.423556e-06 4.377406e-04 
259 1555 6.316962e-04 3.911743e-04 5.103033e-06 5.103033e-06 3.911743e-04 
260 1561 5.249034e-04 3.680229e-04 4.568277e-06 4.568277e-06 3.680229e-04 
261 1567 6.579091e-04 4.730191e-04 4.183377e-06 4.183377e-06 4.730191e-04 
262 1573 5.196403e-04 4.422803e-04 3.781606e-06 3.781606e-06 4.422803e-04 
263 1579 4.509971e-04 4.363597e-04 3.455781e-06 3.455781e-06 4.363597e-04 
264 1585 4.140269e-04 4.171084e-04 3.306285e-06 3.306285e-06 4.171084e-04 
265 1591 4.858575e-04 5.033692e-04 2.979250e-06 2.979250e-06 5.033692e-04 
266 1597 4.899611e-04 4.990609e-04 2.693270e-06 2.693270e-06 4.990609e-04 
267 1603 5.519626e-04 4.639858e-04 2.967476e-06 2.967476e-06 4.639858e-04 
268 1609 6.882561e-04 4.419360e-04 3.507080e-06 3.507080e-06 4.419360e-04 
269 1615 5.794073e-04 4.095990e-04 3.189925e-06 3.189925e-06 4.095990e-04 
270 1621 4.562729e-04 3.713698e-04 2.870356e-06 2.870356e-06 3.713698e-04 
271 1627 6.220657e-04 5.106067e-04 2.582504e-06 2.582504e-06 5.106067e-04 
272 1633 6.566805e-04 4.821238e-04 2.498170e-06 2.498170e-06 4.821238e-04 
273 1639 7.279106e-04 4.970087e-04 2.331385e-06 2.331385e-06 4.970087e-04 
274 1645 8.972629e-04 4.592726e-04 2.848847e-06 2.848847e-06 4.592726e-04 
275 1651 8.764695e-04 4.456778e-04 2.788925e-06 2.788925e-06 4.456778e-04 
276 1657 9.041477e-04 4.375087e-04 2.615198e-06 2.615198e-06 4.375087e-04 
277 1663 8.689796e-04 3.992325e-04 2.818044e-06 2.818044e-06 3.992325e-04 
278 1669 9.775988e-04 3.727918e-04 3.190006e-06 3.190006e-06 3.727918e-04 
279 1675 1.256776e-03 3.540608e-04 3.683502e-06 3.683502e-06 3.540608e-04 
280 1681 1.370031e-03 3.786268e-04 3.417395e-06 3.417395e-06 3.786268e-04 
281 1687 1.207023e-03 3.567724e-04 3.340092e-06 3.340092e-06 3.567724e-04 
282 1693 1.336709e-03 3.539301e-04 3.380571e-06 3.380571e-06 3.539301e-04 
283 1699 1.286730e-03 3.157316e-04 3.345505e-06 3.345505e-06 3.157316e-04 
284 1705 1.417974e-03 2.864027e-04 3.583264e-06 3.583264e-06 2.864027e-04 
285 1711 2.196873e-03 2.974395e-04 3.589999e-06 3.589999e-06 2.974395e-04 
286 1717 2.171902e-03 2.655767e-04 4.174850e-06 4.174850e-06 2.655767e-04 
287 1723 1.523827e-03 2.424130e-04 3.743408e-06 3.743408e-06 2.424130e-04 
288 1729 1.323694e-03 2.243603e-04 3.443134e-06 3.443134e-06 2.243603e-04 
289 1735 1.066720e-03 2.043967e-04 3.132583e-06 3.132583e-06 2.043967e-04 
290 1741 1.331290e-03 2.425393e-04 3.044553e-06 3.044553e-06 2.425393e-04 
291 1747 1.330310e-03 2.375128e-04 2.900028e-06 2.900028e-06 2.375128e-04 
292 1753 1.381712e-03 2.322974e-04 3.148950e-06 3.148950e-06 2.322974e-04 
293 1759 1.608551e-03 2.974998e-04 2.824144e-06 2.824144e-06 2.974998e-04 
294 1765 1.228040e-03 2.835241e-04 2.559120e-06 2.559120e-06 2.835241e-04 
295 1771 1.020130e-03 2.587232e-04 2.314913e-06 2.314913e-06 2.587232e-04 
296 1777 8.432307e-04 2.364942e-04 2.157870e-06 2.157870e-06 2.364942e-04 
297 1783 9.162713e-04 2.472306e-04 2.120097e-06 2.120097e-06 2.472306e-04 
298 1789 8.807284e-04 2.427500e-04 1.978417e-06 1.978417e-06 2.427500e-04 
299 1795 6.661291e-04 2.168093e-04 1.824586e-06 1.824586e-06 2.168093e-04 
300 1801 6.147874e-04 2.128685e-04 1.667248e-06 1.667248e-06 2.128685e-04 
301 1807 7.143859e-04 2.272021e-04 1.629322e-06 1.629322e-06 2.272021e-04 
302 1813 6.587725e-04 2.416971e-04 1.491824e-06 1.491824e-06 2.416971e-04 
303 1819 4.976075e-04 2.251515e-04 1.330989e-06 1.330989e-06 2.251515e-04 
304 1825 4.038454e-04 2.083864e-04 1.194548e-06 1.194548e-06 2.083864e-04 
305 1831 3.567816e-04 1.959806e-04 1.090371e-06 1.090371e-06 1.959806e-04 
306 1837 3.710765e-04 1.800105e-04 1.184106e-06 1.184106e-06 1.800105e-04 
307 1843 4.237731e-04 1.621447e-04 1.308770e-06 1.308770e-06 1.621447e-04 
308 1849 6.678502e-04 1.619581e-04 1.392514e-06 1.392514e-06 1.619581e-04 
309 1855 7.046991e-04 1.671536e-04 1.251296e-06 1.251296e-06 1.671536e-04 
310 1861 7.628652e-04 1.641438e-04 1.367682e-06 1.367682e-06 1.641438e-04 
311 1867 7.162117e-04 1.481555e-04 1.383765e-06 1.383765e-06 1.481555e-04 
312 1873 6.395283e-04 1.327584e-04 1.342889e-06 1.342889e-06 1.327584e-04 
313 1879 5.534010e-04 1.188358e-04 1.253521e-06 1.253521e-06 1.188358e-04 
314 1885 5.517804e-04 1.074827e-04 1.372851e-06 1.372851e-06 1.074827e-04 
315 1891 4.481025e-04 9.769782e-05 1.310817e-06 1.310817e-06 9.769782e-05 
316 1897 3.248471e-04 9.161459e-05 1.166056e-06 1.166056e-06 9.161459e-05 
317 1903 3.856149e-04 8.894222e-05 1.323866e-06 1.323866e-06 8.894222e-05 
318 1909 3.181496e-04 8.087079e-05 1.185916e-06 1.185916e-06 8.087079e-05 
319 1915 2.620972e-04 7.452804e-05 1.063787e-06 1.063787e-06 7.452804e-05 
320 1921 2.759095e-04 7.810722e-05 1.010350e-06 1.010350e-06 7.810722e-05 
321 1927 2.702953e-04 7.169812e-05 1.079110e-06 1.079110e-06 7.169812e-05 
322 1933 1.934626e-04 6.583821e-05 9.737312e-07 9.737312e-07 6.583821e-05 
323 1939 1.420450e-04 5.932478e-05 8.647044e-07 8.647044e-07 5.932478e-05 
324 1945 1.206947e-04 5.690073e-05 8.121118e-07 8.121118e-07 5.690073e-05 
325 1951 1.443511e-04 5.226379e-05 9.525839e-07 9.525839e-07 5.226379e-05 
326 1957 1.076748e-04 4.679964e-05 9.229897e-07 9.229897e-07 4.679964e-05 
327 1963 9.411029e-05 4.442821e-05 8.459755e-07 8.459755e-07 4.442821e-05 
328 1969 7.083971e-05 3.957194e-05 7.609171e-07 7.609171e-07 3.957194e-05 
329 1975 7.049885e-05 3.600426e-05 7.785163e-07 7.785163e-07 3.600426e-05 
330 1981 1.046572e-04 3.855513e-05 7.601937e-07 7.601937e-07 3.855513e-05 
331 1987 1.184053e-04 3.557185e-05 7.584798e-07 7.584798e-07 3.557185e-05 
332 1993 1.506022e-04 3.830704e-05 7.409359e-07 7.409359e-07 3.830704e-05 
333 1999 1.648156e-04 3.608450e-05 7.823275e-07 7.823275e-07 3.608450e-05 
334 2005 1.641373e-04 3.260909e-05 9.091010e-07 9.091010e-07 3.260909e-05 
335 2011 1.608915e-04 3.254884e-05 8.337720e-07 8.337720e-07 3.254884e-05 
336 2017 1.982234e-04 4.353733e-05 7.468453e-07 7.468453e-07 4.353733e-05 
337 2023 2.092983e-04 4.183071e-05 8.242782e-07 8.242782e-07 4.183071e-05 
338 2029 2.105682e-04 4.578956e-05 7.786298e-07 7.786298e-07 4.578956e-05 
339 2035 1.913704e-04 4.333798e-05 7.564856e-07 7.564856e-07 4.333798e-05 
340 2041 1.597763e-04 4.021122e-05 7.108866e-07 7.108866e-07 4.021122e-05 
341 2047 1.512070e-04 3.762697e-05 7.253457e-07 7.253457e-07 3.762697e-05 
342 2053 1.541565e-04 3.756199e-05 7.589064e-07 7.589064e-07 3.756199e-05 
343 2059 1.172733e-04 3.463753e-05 7.008054e-07 7.008054e-07 3.463753e-05 
344 2065 1.114652e-04 3.371428e-05 6.678012e-07 6.678012e-07 3.371428e-05 
345 2071 1.052892e-04 3.221726e-05 6.749865e-07 6.749865e-07 3.221726e-05 
346 2077 1.409107e-04 3.564987e-05 7.858074e-07 7.858074e-07 3.564987e-05 
347 2083 1.703350e-04 4.399590e-05 7.286476e-07 7.286476e-07 4.399590e-05 
348 2089 1.495857e-04 4.496714e-05 6.821345e-07 6.821345e-07 4.496714e-05 
349 2095 1.317241e-04 4.261042e-05 6.428285e-07 6.428285e-07 4.261042e-05 
350 2101 1.595572e-04 4.750533e-05 6.480596e-07 6.480596e-07 4.750533e-05 
351 2107 1.547498e-04 4.596496e-05 5.849236e-07 5.849236e-07 4.596496e-05 
352 2113 1.595339e-04 4.837221e-05 5.701726e-07 5.701726e-07 4.837221e-05 
353 2119 1.329635e-04 4.466348e-05 5.232764e-07 5.232764e-07 4.466348e-05 
354 2125 1.088830e-04 4.053766e-05 4.774915e-07 4.774915e-07 4.053766e-05 
355 2131 1.278153e-04 4.198391e-05 5.056982e-07 5.056982e-07 4.198391e-05 
356 2137 1.996484e-04 4.095755e-05 5.416331e-07 5.416331e-07 4.095755e-05 
357 2143 3.604905e-04 3.992931e-05 5.796295e-07 5.796295e-07 3.992931e-05 
358 2149 2.874195e-04 3.678140e-05 5.603407e-07 5.603407e-07 3.678140e-05 
359 2155 2.110508e-04 3.277547e-05 5.046877e-07 5.046877e-07 3.277547e-05 
360 2161 2.036796e-04 3.316163e-05 4.636603e-07 4.636603e-07 3.316163e-05 
361 2167 2.203974e-04 3.040271e-05 4.936367e-07 4.936367e-07 3.040271e-05 
362 2173 2.390105e-04 2.705096e-05 5.266806e-07 5.266806e-07 2.705096e-05 
363 2179 1.773493e-04 2.408516e-05 4.699470e-07 4.699470e-07 2.408516e-05 
364 2185 1.518848e-04 2.218974e-05 4.301373e-07 4.301373e-07 2.218974e-05 
365 2191 1.629484e-04 2.477137e-05 3.846766e-07 3.846766e-07 2.477137e-05 
366 2197 2.160021e-04 2.641799e-05 4.200944e-07 4.200944e-07 2.641799e-05 
367 2203 1.729826e-04 2.392567e-05 3.952404e-07 3.952404e-07 2.392567e-05 
368 2209 1.863292e-04 2.425091e-05 3.945549e-07 3.945549e-07 2.425091e-05 
369 2215 1.925377e-04 2.287534e-05 4.021082e-07 4.021082e-07 2.287534e-05 
370 2221 2.326945e-04 2.103884e-05 4.577389e-07 4.577389e-07 2.103884e-05 
371 2227 2.850401e-04 2.652159e-05 4.691032e-07 4.691032e-07 2.652159e-05 
372 2233 2.882496e-04 2.542173e-05 4.296844e-07 4.296844e-07 2.542173e-05 
373 2239 3.111019e-04 2.467650e-05 4.222328e-07 4.222328e-07 2.467650e-05 
374 2245 2.959282e-04 2.248396e-05 4.166970e-07 4.166970e-07 2.248396e-05 
375 2251 5.169428e-04 2.171537e-05 4.649395e-07 4.649395e-07 2.171537e-05 
376 2257 6.358132e-04 2.084494e-05 4.306685e-07 4.306685e-07 2.084494e-05 
377 2263 8.259559e-04 1.861024e-05 4.816025e-07 4.816025e-07 1.861024e-05 
378 2269 7.281372e-04 1.732730e-05 4.867037e-07 4.867037e-07 1.732730e-05 
379 2275 6.012581e-04 1.625622e-05 4.351881e-07 4.351881e-07 1.625622e-05 
380 2281 5.042685e-04 1.465173e-05 4.171543e-07 4.171543e-07 1.465173e-05 
381 2287 4.099379e-04 1.371507e-05 3.721614e-07 3.721614e-07 1.371507e-05 
382 2293 3.418825e-04 1.289353e-05 3.322447e-07 3.322447e-07 1.289353e-05 
383 2299 2.894333e-04 1.276729e-05 2.979509e-07 2.979509e-07 1.276729e-05 
384 2305 3.862803e-04 1.681576e-05 2.749589e-07 2.749589e-07 1.681576e-05 
385 2311 3.338129e-04 1.673826e-05 2.591401e-07 2.591401e-07 1.673826e-05 
386 2317 3.327458e-04 1.721410e-05 2.483454e-07 2.483454e-07 1.721410e-05 
387 2323 3.138879e-04 1.536949e-05 2.555294e-07 2.555294e-07 1.536949e-05 
388 2329 2.431306e-04 1.403790e-05 2.282149e-07 2.282149e-07 1.403790e-05 
389 2335 2.270391e-04 1.249259e-05 2.348930e-07 2.348930e-07 1.249259e-05 
390 2341 1.767769e-04 1.169460e-05 2.108583e-07 2.108583e-07 1.169460e-05 
391 2347 2.028100e-04 1.336003e-05 1.917510e-07 1.917510e-07 1.336003e-05 
392 2353 1.833411e-04 1.277075e-05 1.739065e-07 1.739065e-07 1.277075e-05 
393 2359 1.639987e-04 1.138394e-05 1.655001e-07 1.655001e-07 1.138394e-05 
394 2365 1.351896e-04 1.049489e-05 1.476135e-07 1.476135e-07 1.049489e-05 
395 2371 1.345100e-04 1.106758e-05 1.339876e-07 1.339876e-07 1.106758e-05 
396 2377 1.372845e-04 1.106776e-05 1.378875e-07 1.378875e-07 1.106776e-05 
397 2383 1.303453e-04 1.004249e-05 1.476409e-07 1.476409e-07 1.004249e-05 
398 2389 1.549004e-04 1.109951e-05 1.447088e-07 1.447088e-07 1.109951e-05 
399 2395 1.293833e-04 9.974952e-06 1.330000e-07 1.330000e-07 9.974952e-06 
400 2401 1.255188e-04 1.034243e-05 1.212977e-07 1.212977e-07 1.034243e-05 
401 2407 1.460483e-04 1.206227e-05 1.127396e-07 1.127396e-07 1.206227e-05 
402 2413 1.352639e-04 1.134177e-05 1.003604e-07 1.003604e-07 1.134177e-05 
403 2419 1.490559e-04 1.215288e-05 9.274861e-08 9.274861e-08 1.215288e-05 
404 2425 1.983484e-04 1.244859e-05 1.084714e-07 1.084714e-07 1.244859e-05 
405 2431 2.943734e-04 1.338613e-05 1.081495e-07 1.081495e-07 1.338613e-05 
406 2437 3.059682e-04 1.218549e-05 1.095563e-07 1.095563e-07 1.218549e-05 
407 2443 3.087383e-04 1.212669e-05 9.892230e-08 9.892230e-08 1.212669e-05 
408 2449 2.772182e-04 1.215681e-05 9.083661e-08 9.083661e-08 1.215681e-05 
409 2455 2.126775e-04 1.101258e-05 8.294767e-08 8.294767e-08 1.101258e-05 
410 2461 1.973565e-04 1.032158e-05 8.206785e-08 8.206785e-08 1.032158e-05 
411 2467 1.532777e-04 9.229614e-06 7.591733e-08 7.591733e-08 9.229614e-06 
412 2473 1.496882e-04 8.238009e-06 7.985021e-08 7.985021e-08 8.238009e-06 
413 2479 1.389112e-04 8.146085e-06 7.169179e-08 7.169179e-08 8.146085e-06 
414 2485 1.217017e-04 7.991736e-06 6.493707e-08 6.493707e-08 7.991736e-06 
415 2491 1.582908e-04 9.951591e-06 5.972040e-08 5.972040e-08 9.951591e-06 
416 2497 1.875218e-04 9.617005e-06 6.661590e-08 6.661590e-08 9.617005e-06 
417 2503 1.424246e-04 8.810299e-06 5.931253e-08 5.931253e-08 8.810299e-06 
418 2509 1.241601e-04 8.346522e-06 5.360999e-08 5.360999e-08 8.346522e-06 
419 2515 1.001341e-04 7.602350e-06 4.918547e-08 4.918547e-08 7.602350e-06 
420 2521 9.678397e-05 7.380006e-06 4.721855e-08 4.721855e-08 7.380006e-06 
421 2527 9.985852e-05 7.751581e-06 4.745864e-08 4.745864e-08 7.751581e-06 
422 2533 8.899065e-05 6.979898e-06 4.454144e-08 4.454144e-08 6.979898e-06 
423 2539 8.471582e-05 7.011062e-06 4.014666e-08 4.014666e-08 7.011062e-06 
424 2545 7.021715e-05 6.468408e-06 3.630050e-08 3.630050e-08 6.468408e-06 
425 2551 5.607551e-05 6.029744e-06 3.235768e-08 3.235768e-08 6.029744e-06 
426 2557 4.823739e-05 5.662501e-06 2.978797e-08 2.978797e-08 5.662501e-06 
427 2563 5.750503e-05 6.782262e-06 2.658802e-08 2.658802e-08 6.782262e-06 
428 2569 4.739218e-05 6.186686e-06 2.392116e-08 2.392116e-08 6.186686e-06 
429 2575 3.829031e-05 5.504713e-06 2.228045e-08 2.228045e-08 5.504713e-06 
430 2581 3.492289e-05 4.902908e-06 2.255413e-08 2.255413e-08 4.902908e-06 
431 2587 3.744056e-05 4.447592e-06 2.434866e-08 2.434866e-08 4.447592e-06 
432 2593 4.150670e-05 3.971593e-06 2.610972e-08 2.610972e-08 3.971593e-06 
433 2599 5.004876e-05 3.649518e-06 2.900571e-08 2.900571e-08 3.649518e-06 
434 2605 4.506463e-05 3.622525e-06 2.659688e-08 2.659688e-08 3.622525e-06 
435 2611 4.579487e-05 3.711065e-06 2.540006e-08 2.540006e-08 3.711065e-06 
436 2617 4.836043e-05 3.905012e-06 2.345858e-08 2.345858e-08 3.905012e-06 
437 2623 3.639341e-05 3.739844e-06 2.141581e-08 2.141581e-08 3.739844e-06 
438 2629 2.685411e-05 3.343284e-06 1.911385e-08 1.911385e-08 3.343284e-06 
439 2635 2.748560e-05 3.435264e-06 1.819941e-08 1.819941e-08 3.435264e-06 
440 2641 1.947368e-05 3.152911e-06 1.683247e-08 1.683247e-08 3.152911e-06 
441 2647 1.920886e-05 3.336086e-06 1.566977e-08 1.566977e-08 3.336086e-06 
442 2653 1.582122e-05 3.111029e-06 1.409759e-08 1.409759e-08 3.111029e-06 
443 2659 1.889312e-05 3.322351e-06 1.451343e-08 1.451343e-08 3.322351e-06 
444 2665 1.625373e-05 3.051218e-06 1.338240e-08 1.338240e-08 3.051218e-06 
445 2671 1.718294e-05 3.323258e-06 1.251300e-08 1.251300e-08 3.323258e-06 
446 2677 1.352113e-05 3.027604e-06 1.132612e-08 1.132612e-08 3.027604e-06 
447 2683 1.363430e-05 3.050536e-06 1.056096e-08 1.056096e-08 3.050536e-06 
448 2689 1.540496e-05 3.546181e-06 9.578066e-09 9.578066e-09 3.546181e-06 
449 2695 1.739525e-05 3.633987e-06 9.514202e-09 9.514202e-09 3.633987e-06 
450 2701 1.942868e-05 4.565640e-06 8.502651e-09 8.502651e-09 4.565640e-06 
451 2707 2.008974e-05 4.292076e-06 8.315238e-09 8.315238e-09 4.292076e-06 
452 2713 1.601739e-05 3.896070e-06 7.619516e-09 7.619516e-09 3.896070e-06 
453 2719 1.520082e-05 3.960899e-06 7.147323e-09 7.147323e-09 3.960899e-06 
454 2725 1.469486e-05 3.771166e-06 7.164528e-09 7.164528e-09 3.771166e-06 
455 2731 1.328523e-05 3.555782e-06 6.463544e-09 6.463544e-09 3.555782e-06 
456 2737 1.277301e-05 3.575572e-06 5.867690e-09 5.867690e-09 3.575572e-06 
